MARY	2.629	3,991,060 	1
PATRICIA	1.073	1,628,911 	2
LINDA	1.035	1,571,224 	3
BARBARA	0.98	1,487,729 	4
ELIZABETH	0.937	1,422,451 	5
JENNIFER	0.932	1,414,861 	6
MARIA	0.828	1,256,979 	7
SUSAN	0.794	1,205,364 	8
MARGARET	0.768	1,165,894 	9
DOROTHY	0.727	1,103,652 	10
LISA	0.704	1,068,736 	11
NANCY	0.669	1,015,603 	12
KAREN	0.667	1,012,567 	13
BETTY	0.666	1,011,048 	14
HELEN	0.663	1,006,494 	15
SANDRA	0.629	954,879 	16
DONNA	0.583	885,047 	17
CAROL	0.565	857,721 	18
RUTH	0.562	853,167 	19
SHARON	0.522	792,443 	20
MICHELLE	0.519	787,889 	21
LAURA	0.51	774,226 	22
SARAH	0.508	771,190 	23
KIMBERLY	0.504	765,118 	24
DEBORAH	0.494	749,937 	25
JESSICA	0.49	743,864 	26
SHIRLEY	0.482	731,720 	27
CYNTHIA	0.469	711,985 	28
ANGELA	0.468	710,466 	29
MELISSA	0.462	701,358 	30
BRENDA	0.455	690,731 	31
AMY	0.451	684,659 	32
ANNA	0.44	667,960 	33
REBECCA	0.43	652,779 	34
VIRGINIA	0.43	652,779 	35
KATHLEEN	0.424	643,670 	36
PAMELA	0.416	631,526 	37
MARTHA	0.412	625,453 	38
DEBRA	0.408	619,381 	39
AMANDA	0.404	613,309 	40
STEPHANIE	0.4	607,236 	41
CAROLYN	0.385	584,465 	42
CHRISTINE	0.382	579,911 	43
MARIE	0.379	575,356 	44
JANET	0.379	575,356 	45
CATHERINE	0.373	566,248 	46
FRANCES	0.37	561,694 	47
ANN	0.364	552,585 	48
JOYCE	0.364	552,585 	49
DIANE	0.359	544,995 	50
ALICE	0.357	541,958 	51
JULIE	0.348	528,296 	52
HEATHER	0.337	511,597 	53
TERESA	0.336	510,078 	54
DORIS	0.335	508,560 	55
GLORIA	0.335	508,560 	56
EVELYN	0.322	488,825 	57
JEAN	0.315	478,199 	58
CHERYL	0.315	478,199 	59
MILDRED	0.313	475,162 	60
KATHERINE	0.313	475,162 	61
JOAN	0.306	464,536 	62
ASHLEY	0.303	459,981 	63
JUDITH	0.297	450,873 	64
ROSE	0.296	449,355 	65
JANICE	0.285	432,656 	66
KELLY	0.283	429,620 	67
NICOLE	0.281	426,583 	68
JUDY	0.276	418,993 	69
CHRISTINA	0.275	417,475 	70
KATHY	0.272	412,921 	71
THERESA	0.271	411,403 	72
BEVERLY	0.267	405,330 	73
DENISE	0.264	400,776 	74
TAMMY	0.259	393,185 	75
IRENE	0.252	382,559 	76
JANE	0.25	379,523 	77
LORI	0.248	376,486 	78
RACHEL	0.242	367,378 	79
MARILYN	0.241	365,860 	80
ANDREA	0.236	358,269 	81
KATHRYN	0.234	355,233 	82
LOUISE	0.229	347,643 	83
SARA	0.229	347,643 	84
ANNE	0.228	346,125 	85
JACQUELINE	0.228	346,125 	86
WANDA	0.226	343,089 	87
BONNIE	0.223	338,534 	88
JULIA	0.223	338,534 	89
RUBY	0.221	335,498 	90
LOIS	0.22	333,980 	91
TINA	0.22	333,980 	92
PHYLLIS	0.219	332,462 	93
NORMA	0.218	330,944 	94
PAULA	0.217	329,426 	95
DIANA	0.216	327,908 	96
ANNIE	0.216	327,908 	97
LILLIAN	0.211	320,317 	98
EMILY	0.208	315,763 	99
ROBIN	0.208	315,763 	100
PEGGY	0.208	315,763 	101
CRYSTAL	0.207	314,245 	102
GLADYS	0.205	311,209 	103
RITA	0.204	309,691 	104
DAWN	0.202	306,654 	105
CONNIE	0.2	303,618 	106
FLORENCE	0.2	303,618 	107
TRACY	0.197	299,064 	108
EDNA	0.197	299,064 	109
TIFFANY	0.195	296,028 	110
CARMEN	0.195	296,028 	111
ROSA	0.194	294,510 	112
CINDY	0.192	291,473 	113
GRACE	0.189	286,919 	114
WENDY	0.185	280,847 	115
VICTORIA	0.18	273,256 	116
EDITH	0.179	271,738 	117
KIM	0.178	270,220 	118
SHERRY	0.178	270,220 	119
SYLVIA	0.177	268,702 	120
JOSEPHINE	0.177	268,702 	121
THELMA	0.175	265,666 	122
SHANNON	0.175	265,666 	123
SHEILA	0.175	265,666 	124
ETHEL	0.174	264,148 	125
ELLEN	0.173	262,630 	126
ELAINE	0.173	262,630 	127
MARJORIE	0.173	262,630 	128
CARRIE	0.171	259,594 	129
CHARLOTTE	0.169	256,557 	130
